Coarse grid ROHR1_0.125b
driven cavity 
      3 16 1 8 12 6   NEL NVT NBCT NVE NEE NAE
DCORVG
     -1.00D0 -1.00D0 -3.00D0
      1.00D0 -1.00D0 -3.00D0
      1.00D0  1.00D0 -3.00D0
     -1.00D0  1.00D0 -3.00D0
     -1.41421D0  0D0 -1.00D0
     -0D0 -1.41421D0 -1.00D0
      1.41421D0 -0D0 -1.00D0
      0D0  1.41421D0 -1.00D0
     -1.00D0  1.00D0  1.00D0
     -1.00D0 -1.00D0  1.00D0
      1.00D0 -1.00D0  1.00D0
      1.00D0  1.00D0  1.00D0
      0D0  1.41421D0  3.00D0
     -1.41421D0  0D0  3.00D0
     -0D0 -1.41421D0  3.00D0
      1.41421D0 -0D0  3.00D0
KVERT
      1  2  3  4  5  6  7  8  
      5  6  7  8  9 10 11 12
      9 10 11 12 13 14 15 16
KNPR
      1 1 1 1 
      1 1 1 1 
      1 1 1 1
      1 1 1 1

